0 1802153696 10 10 10/10/10 kz 8 1010.00 2
1 1827139296 21 21 21/21/21 kz 8 56.00 2
3 1827057376 21 23 21/21/21 kz 8 22.00 2
4 1827057376 21 25 21/21/21 kz 8 22.00 saving
5 1804513008 21 11 1/10/25 kz 8708 1023.20 saving
6 1874636528 21 18 1/1/1 kz 8078 1024.00 saving
7 1796075248 21 18 1/1/1 kz 87 1024.00 saving
8 1870442224 21 123 1/1/1 123 123 123.00 saving
9 1870442224 21 123 1/1/1 123 123 123.00 saving
10 1870442224 21 123 1/1/1 123 123 123.00 saving
11 1870442224 21 123 1/1/1 123 123 123.00 saving
12 1870442224 21 123 1/1/1 123 123 123.00 saving
13 1804070640 21 345 1/1/1 345 345 345.00 saving
